Nov 20, 2016;19.84
Nov 13, 2016;20.15
Nov 06, 2016;21.70
Oct 30, 2016;21.73
Oct 23, 2016;22.16
Oct 16, 2016;22.71
Oct 09, 2016;22.91
Oct 02, 2016;23.42
Sep 25, 2016;22.53
Sep 18, 2016;22.13
Sep 11, 2016;21.78
Sep 04, 2016;19.99
Aug 28, 2016;20.18
Aug 21, 2016;20.61
Aug 14, 2016;19.77
Aug 07, 2016;19.71
Jul 31, 2016;20.35
Jul 24, 2016;19.05
Jul 17, 2016;19.59
Jul 10, 2016;19.31
Jul 03, 2016;19.57
Jun 26, 2016;20.78
Jun 19, 2016;19.00
Jun 12, 2016;19.76
Jun 05, 2016;19.70
May 29, 2016;18.75
May 22, 2016;17.52
May 15, 2016;17.07
May 08, 2016;16.74
May 01, 2016;15.74
Apr 24, 2016;16.16
Apr 17, 2016;15.26
Apr 10, 2016;15.04
Apr 03, 2016;14.69
Mar 27, 2016;15.18
Mar 20, 2016;15.87
Mar 13, 2016;15.97
Mar 06, 2016;15.13
Feb 28, 2016;14.83
Feb 21, 2016;13.91
Feb 14, 2016;12.52
Feb 07, 2016;13.15
Jan 31, 2016;13.27
Jan 24, 2016;13.14
Jan 17, 2016;14.42
Jan 10, 2016;14.92
Jan 03, 2016;14.46
Dec 27, 2015;15.24
Dec 20, 2015;15.06
Dec 13, 2015;15.10
Dec 06, 2015;14.58
Nov 29, 2015;15.48
Nov 22, 2015;14.97
Nov 15, 2015;15.30
Nov 08, 2015;15.04
Nov 01, 2015;14.46
Oct 25, 2015;14.52
Oct 18, 2015;14.28
Oct 11, 2015;14.27
Oct 04, 2015;14.34
Sep 27, 2015;13.53
Sep 20, 2015;11.74
Sep 13, 2015;10.96
Sep 06, 2015;11.66
Aug 30, 2015;11.27
Aug 23, 2015;10.97
Aug 16, 2015;10.44
Aug 09, 2015;10.68
Aug 02, 2015;10.66
Jul 26, 2015;11.14
Jul 19, 2015;11.24
Jul 12, 2015;11.96
Jul 05, 2015;12.41
Jun 28, 2015;12.30
Jun 21, 2015;11.67
Jun 14, 2015;11.12
Jun 07, 2015;11.72
May 31, 2015;12.05
May 24, 2015;11.98
May 17, 2015;12.31
May 10, 2015;12.89
May 03, 2015;13.42
Apr 26, 2015;12.91
Apr 19, 2015;13.23
Apr 12, 2015;13.24
Apr 05, 2015;12.83
Mar 29, 2015;12.74
Mar 22, 2015;12.13
Mar 15, 2015;12.68
Mar 08, 2015;12.70
Mar 01, 2015;13.44
Feb 22, 2015;13.93
Feb 15, 2015;14.39
Feb 08, 2015;14.88
Feb 01, 2015;14.51
Jan 25, 2015;14.79
Jan 18, 2015;15.17
Jan 11, 2015;15.33
Jan 04, 2015;14.91
Dec 28, 2014;14.17
Dec 21, 2014;14.70
Dec 14, 2014;14.98
Dec 07, 2014;14.98
Nov 30, 2014;15.14
Nov 23, 2014;15.59
Nov 16, 2014;16.09
Nov 09, 2014;15.90
Nov 02, 2014;15.69
Oct 26, 2014;16.04
Oct 19, 2014;16.38
Oct 12, 2014;16.62
Oct 05, 2014;16.55
Sep 28, 2014;16.44
Sep 21, 2014;15.41
Sep 14, 2014;13.50
Sep 07, 2014;13.78
Aug 31, 2014;15.00
Aug 24, 2014;15.49
Aug 17, 2014;15.64
Aug 10, 2014;15.92
Aug 03, 2014;16.15
Aug 03, 2014;16.14
Jul 27, 2014;16.31
Jul 27, 2014;16.35
Jul 20, 2014;17.14
Jul 20, 2014;17.14
Jul 13, 2014;16.97
Jul 13, 2014;16.97
Jul 06, 2014;17.03
Jul 06, 2014;17.07
Jun 29, 2014;17.82
Jun 29, 2014;17.81
Jun 22, 2014;18.31
Jun 22, 2014;16.85
Jun 15, 2014;17.92
Jun 15, 2014;17.92
Jun 08, 2014;17.01
Jun 08, 2014;17.04
Jun 01, 2014;16.98
Jun 01, 2014;16.92
May 25, 2014;17.37
May 25, 2014;17.38
May 18, 2014;17.44
May 18, 2014;17.37
May 11, 2014;17.87
May 11, 2014;17.91
May 04, 2014;17.17
May 04, 2014;17.20
Apr 27, 2014;17.42
Apr 27, 2014;17.45
Apr 20, 2014;17.17
Apr 20, 2014;17.20
Apr 13, 2014;16.69
Apr 13, 2014;16.66
Apr 06, 2014;16.83
Apr 06, 2014;16.80
Mar 30, 2014;17.28
Mar 30, 2014;17.35
Mar 23, 2014;17.97
Mar 23, 2014;17.98
Mar 16, 2014;16.85
Mar 16, 2014;16.83
Mar 09, 2014;17.28
Mar 09, 2014;17.25
Mar 02, 2014;17.93
Mar 02, 2014;18.01
Feb 23, 2014;17.58
Feb 23, 2014;16.47
Feb 16, 2014;16.76
Feb 16, 2014;16.72
Feb 09, 2014;15.60
Feb 09, 2014;15.63
Feb 02, 2014;15.69
Feb 02, 2014;15.73
Jan 26, 2014;15.60
Jan 26, 2014;15.55
Jan 19, 2014;15.16
Jan 19, 2014;15.11
Jan 12, 2014;15.19
Jan 12, 2014;15.22
Jan 05, 2014;15.60
Jan 05, 2014;15.57
Dec 29, 2013;16.08
Dec 29, 2013;16.08
Dec 22, 2013;16.44
Dec 22, 2013;16.43
Dec 15, 2013;16.43
Dec 15, 2013;16.45
Dec 08, 2013;16.25
Dec 08, 2013;16.27
Dec 01, 2013;16.58
Dec 01, 2013;16.59
Nov 24, 2013;17.18
Nov 24, 2013;17.15
Nov 17, 2013;17.48
Nov 17, 2013;17.40
Nov 10, 2013;17.64
Nov 10, 2013;17.55
Nov 03, 2013;18.09
Nov 03, 2013;18.08
Oct 27, 2013;18.23
Oct 27, 2013;18.25
Oct 20, 2013;19.02
Oct 20, 2013;19.03
Oct 13, 2013;19.49
Oct 13, 2013;19.50
Oct 06, 2013;18.88
Oct 06, 2013;18.93
Sep 29, 2013;18.52
Sep 29, 2013;18.48
Sep 22, 2013;17.68
Sep 22, 2013;16.87
Sep 15, 2013;17.16
Sep 15, 2013;17.18
Sep 08, 2013;17.10
Sep 08, 2013;17.09
Sep 01, 2013;16.78
Sep 01, 2013;16.79
Aug 25, 2013;16.33
Aug 25, 2013;16.34
Aug 18, 2013;16.43
Aug 18, 2013;16.47
Aug 11, 2013;16.94
Aug 11, 2013;16.94
Aug 04, 2013;17.00
Aug 04, 2013;16.98
Jul 28, 2013;16.75
Jul 28, 2013;16.79
Jul 21, 2013;16.47
Jul 21, 2013;16.47
Jul 14, 2013;16.28
Jul 14, 2013;16.29
Jul 07, 2013;16.08
Jul 07, 2013;16.06
Jun 30, 2013;16.25
Jun 30, 2013;16.26
Jun 23, 2013;16.91
Jun 23, 2013;16.38
Jun 16, 2013;16.80
Jun 16, 2013;16.74
Jun 09, 2013;16.75
Jun 09, 2013;16.78
Jun 02, 2013;16.43
Jun 02, 2013;16.43
May 26, 2013;16.57
May 26, 2013;16.55
May 19, 2013;16.86
May 19, 2013;16.84
May 12, 2013;16.90
May 12, 2013;16.89
May 05, 2013;17.40
May 05, 2013;17.43
Apr 28, 2013;17.58
Apr 28, 2013;17.53
Apr 21, 2013;17.28
Apr 21, 2013;17.36
Apr 14, 2013;17.96
Apr 14, 2013;17.97
Apr 07, 2013;18.07
Apr 07, 2013;18.03
Mar 31, 2013;17.73
Mar 31, 2013;17.65
Mar 24, 2013;17.62
Mar 24, 2013;17.66
Mar 17, 2013;18.17
Mar 17, 2013;18.20
Mar 10, 2013;18.82
Mar 10, 2013;18.89
Mar 03, 2013;18.68
Mar 03, 2013;18.75
Feb 24, 2013;17.92
Feb 24, 2013;17.91
Feb 17, 2013;18.23
Feb 17, 2013;18.24
Feb 10, 2013;18.00
Feb 10, 2013;18.00
Feb 03, 2013;18.16
Feb 03, 2013;18.14
Jan 27, 2013;18.70
Jan 27, 2013;18.89
Jan 20, 2013;18.34
Jan 20, 2013;18.38
Jan 13, 2013;18.45
Jan 13, 2013;18.37
Jan 06, 2013;19.18
Jan 06, 2013;19.17
Dec 30, 2012;18.88
Dec 30, 2012;18.85
Dec 23, 2012;19.42
Dec 23, 2012;19.42
Dec 16, 2012;19.09
Dec 16, 2012;19.25
Dec 09, 2012;18.97
Dec 09, 2012;19.01
Dec 02, 2012;19.19
Dec 02, 2012;19.21
Nov 25, 2012;19.33
Nov 25, 2012;19.34
Nov 18, 2012;19.20
Nov 18, 2012;19.14
Nov 11, 2012;19.12
Nov 11, 2012;19.15
Nov 04, 2012;19.16
Nov 04, 2012;19.06
Oct 28, 2012;19.41
Oct 28, 2012;19.45
Oct 21, 2012;19.35
Oct 14, 2012;20.23
Oct 07, 2012;20.05
Sep 30, 2012;21.54
Sep 23, 2012;19.58
Sep 16, 2012;19.38
Sep 09, 2012;19.91
Sep 02, 2012;19.38
Aug 26, 2012;19.78
Aug 19, 2012;19.58
Aug 12, 2012;20.18
Aug 05, 2012;20.74
Jul 29, 2012;22.00
Jul 22, 2012;22.52
Jul 15, 2012;23.92
Jul 08, 2012;22.73
Jul 01, 2012;22.25
Jun 24, 2012;21.81
Jun 17, 2012;20.24
Jun 10, 2012;20.84
Jun 03, 2012;19.98
May 27, 2012;19.09
May 20, 2012;19.62
May 13, 2012;20.47
May 06, 2012;20.22
Apr 29, 2012;20.81
Apr 22, 2012;21.22
Apr 15, 2012;21.93
Apr 08, 2012;23.37
Apr 01, 2012;24.58
Mar 25, 2012;24.71
Mar 18, 2012;25.63
Mar 11, 2012;25.41
Mar 04, 2012;23.66
Feb 26, 2012;24.96
Feb 19, 2012;26.19
Feb 12, 2012;24.62
Feb 05, 2012;24.67
Jan 29, 2012;23.94
Jan 22, 2012;24.21
Jan 15, 2012;24.89
Jan 08, 2012;23.84
Jan 01, 2012;23.29
Dec 25, 2011;23.30
Dec 18, 2011;23.59
Dec 11, 2011;23.08
Dec 04, 2011;23.40
Nov 27, 2011;23.45
Nov 20, 2011;22.90
Nov 13, 2011;23.97
Nov 06, 2011;25.00
Oct 30, 2011;25.57
Oct 23, 2011;26.15
Oct 16, 2011;26.48
Oct 09, 2011;27.93
Oct 02, 2011;25.16
Sep 25, 2011;26.34
Sep 18, 2011;24.84
Sep 11, 2011;27.52
Sep 04, 2011;29.05
Aug 28, 2011;29.18
Aug 21, 2011;30.22
Aug 14, 2011;30.96
Aug 07, 2011;27.84
Jul 31, 2011;27.54
Jul 24, 2011;29.81
Jul 17, 2011;31.34
Jul 10, 2011;28.97
Jul 03, 2011;29.36
Jun 26, 2011;27.25
Jun 19, 2011;27.54
Jun 12, 2011;26.37
Jun 05, 2011;25.64
May 29, 2011;23.95
May 22, 2011;22.99
May 15, 2011;22.41
May 08, 2011;21.45
May 01, 2011;20.47
Apr 24, 2011;23.38
Apr 17, 2011;25.48
Apr 10, 2011;24.59
Apr 03, 2011;25.66
Mar 27, 2011;27.44
Mar 20, 2011;27.86
Mar 13, 2011;27.71
Mar 06, 2011;28.86
Feb 27, 2011;29.88
Feb 20, 2011;31.52
Feb 13, 2011;31.02
Feb 06, 2011;31.30
Jan 30, 2011;32.64
Jan 23, 2011;33.94
Jan 16, 2011;32.33
Jan 09, 2011;30.89
Jan 02, 2011;31.53
Dec 26, 2010;32.12
Dec 19, 2010;32.81
Dec 05, 2010;29.18
Nov 28, 2010;28.33
Nov 21, 2010;26.18
Nov 14, 2010;26.27
Nov 07, 2010;31.66
Oct 31, 2010;29.17
Oct 24, 2010;28.17
Oct 17, 2010;26.98
Oct 10, 2010;26.22
Oct 03, 2010;23.32
Sep 26, 2010;25.38
Sep 19, 2010;24.78
Sep 05, 2010;22.63
Aug 29, 2010;20.73
Aug 22, 2010;19.95
Aug 15, 2010;19.82
Aug 08, 2010;19.35
Jul 25, 2010;19.31
Jul 18, 2010;18.35
Jul 11, 2010;17.12
Jul 04, 2010;16.77
Jun 27, 2010;16.44
Jun 20, 2010;15.55
Jun 06, 2010;15.77
May 30, 2010;14.25
May 23, 2010;15.62
May 09, 2010;14.12
May 02, 2010;15.22
Apr 18, 2010;15.60
Apr 11, 2010;16.34
Apr 04, 2010;16.68
Mar 28, 2010;16.91
Mar 21, 2010;18.67
Mar 14, 2010;19.80
Mar 07, 2010;22.25
Feb 28, 2010;23.68
Feb 21, 2010;26.83
Feb 14, 2010;26.96
Feb 07, 2010;26.39
Jan 24, 2010;29.61
Jan 17, 2010;27.79
Jan 10, 2010;27.37